72
6 28 3 5000 195456889 2.000344569
25 23 3 5000 2361349 2.000818900
21 13 3 5000 48087085 2.001720147
5 19 3 5000 48685821 2.001761768
15 22 3 5000 49100303 2.004243463
25 14 3 5000 146434294 2.004563220
21 1 3 5000 98150512 2.005519157
0 10 3 5000 97097762 2.007064336
8 6 3 5000 97199185 2.007804406
24 17 3 5000 48186074 2.009318719
2 30 3 5000 2144822 2.012008550
6 26 3 5000 146314518 2.013405951
2 27 3 5000 97565981 2.013712847
2 24 3 5000 97230033 2.014241332
24 17 3 5000 48995053 2.015483256
27 4 3 5000 3126410 2.016638553
13 12 3 5000 196970875 2.016816854
8 16 3 5000 13922227 2.018074964
25 21 3 5000 48292022 2.018172206
25 24 3 5000 48522907 2.019299395
1 24 3 5000 49861598 2.020425609
23 6 3 5000 49580333 2.023246493
3 17 3 5000 48722674 2.024074563
4 15 3 5000 146977652 2.025546186
24 16 3 5000 49052689 2.025930532
16 0 3 5000 97696784 2.026188883
14 24 3 5000 49529102 2.026490156
8 3 3 5000 49739021 2.027036943
20 22 3 5000 89081257 2.028930599
5 17 3 5000 97360764 2.030742235
30 3 3 5000 147287900 2.032550790
28 23 3 5000 48061917 2.032981204
30 20 3 5000 18687424 2.033133904
28 23 3 5000 98066714 2.033539609
19 24 3 5000 2541075 2.035142024
21 8 3 5000 48278028 2.035299745
0 17 3 5000 48016316 2.035984026
14 27 3 5000 49928478 2.036320148
13 20 3 5000 147191953 2.036753680
22 14 3 5000 48749238 2.036906256
28 10 3 5000 1937174 2.038865087
13 28 3 5000 48133389 2.039406618
20 2 3 5000 49083881 2.039436091
24 11 3 5000 99647693 2.040884353
14 5 3 5000 97815957 2.041714258
5 8 3 5000 48686276 2.042043502
0 17 3 5000 48845708 2.042527380
19 18 3 5000 48680767 2.043114853
24 26 3 5000 13877065 2.046387758
23 27 3 5000 49191190 2.046783902
23 2 3 5000 97410730 2.046905366
12 18 3 5000 49136110 2.047068488
14 15 3 5000 1092225 2.052519711
8 12 3 5000 146305601 2.053035723
29 0 3 5000 48905619 2.054859371
6 19 3 5000 48017604 2.055320044
14 26 3 5000 1290183 2.055842572
4 8 3 5000 48066880 2.058665258
24 3 3 5000 48431502 2.060082283
0 7 3 5000 17313517 2.061519940
2 25 3 5000 1209864 2.067835200
2 17 3 5000 49556221 2.068031017
19 3 3 5000 48875721 2.069255283
13 3 3 5000 97609040 2.074630954
13 3 3 5000 1657758 2.074678011
24 31 3 5000 48299602 2.076941082
29 22 3 5000 48556101 2.077221772
25 19 3 5000 48464502 2.078299917
21 27 3 5000 6637256 2.078891310
23 5 3 5000 49220042 2.079742268
8 29 3 5000 49394603 2.083792688
8 2 3 5000 49613479 2.084934152
